pw1_1,id1_1,name1_1
adfsfa1,hsjang1,ÀåÈ«¼±1
adfsfa2,hsjang2,ÀåÈ«¼±2
adfsfa3,hsjang3,ÀåÈ«¼±3
adfsfa4,hsjang4,ÀåÈ«¼±4
adfsfa5,hsjang5,ÀåÈ«¼±5
adfsfa1,hsjang1,ÀåÈ«¼±1
adfsfa7,hsjang7,ÀåÈ«¼±7
adfsfa8,hsjang8,ÀåÈ«¼±8
adfsfa9,hsjang9,ÀåÈ«¼±9
adfsfa10,hsjang10,ÀåÈ«¼±10
adfsfa11,hsjang11,ÀåÈ«¼±11
adfsfa12,hsjang12,ÀåÈ«¼±12
adfsfa13,hsjang13,ÀåÈ«¼±13
adfsfa14,hsjang14,ÀåÈ«¼±14
adfsfa15,hsjang15,ÀåÈ«¼±15
adfsfa16,hsjang16,ÀåÈ«¼±16
adfsfa17,hsjang17,ÀåÈ«¼±17
adfsfa18,hsjang18,ÀåÈ«¼±18
adfsfa19,hsjang19,ÀåÈ«¼±19
